0.000000
0.056519
0.112856
0.168833
0.224271
0.278991
0.332819
0.391373
0.442758
0.492727
0.541121
0.587785
0.632570
0.679954
0.720309
0.758362
0.793991
0.827081
0.860743
0.888137
0.912692
0.934329
0.952980
0.968584
0.982288
0.991308
0.997159
0.999822
0.999289
0.995562
0.987688
0.977268
0.963724
0.947099
0.927446
0.904829
0.876309
0.847681
0.816343
0.782395
0.745946
0.707112
0.666018
0.617867
0.572441
0.525184
0.476249
0.425791
0.373971
0.315000
0.260856
0.205878
0.150241
0.094125
0.037708
-0.025112
-0.081572
-0.137771
-0.193529
-0.248670
-0.303014
-0.362254
-0.414354
-0.465130
-0.514418
-0.562062
-0.607910
-0.656565
-0.698145
-0.737494
-0.774485
-0.808999
-0.840928
-0.873247
-0.899391
-0.922660
-0.942979
-0.960284
-0.974519
-0.986680
-0.994297
-0.998735
-0.999981
-0.998029
-0.992887
-0.983453
-0.971641
-0.956724
-0.938749
-0.917772
-0.893861
-0.863946
-0.834104
-0.801595
-0.766523
-0.729001
-0.689149
-0.642290
-0.597945
-0.551688
-0.503668
-0.454037
-0.402955
-0.344694
-0.291088
-0.236552
-0.181261
-0.125389
-0.069117
-0.006341
0.050244
0.106611
0.162637
0.218143
0.272952
0.332819
0.385584
0.437116
0.487250
0.535827
0.582691
0.632570
0.675333
0.715937
0.754252
0.790155
0.823533
0.857527
0.885232
0.910106
0.932072
0.951057
0.967002
0.981091
0.990462
0.996666
0.999684
0.999507
0.996134
0.988652
0.978581
0.965382
0.949097
0.929778
0.907486
0.879318
0.850997
0.819955
0.786292
0.750116
0.711541
0.666018
0.622795
0.577581
0.530520
0.481764
0.431467
0.373971
0.320957
0.266916
0.212022
0.156450
0.100378
0.037708
-0.018830
-0.075308
-0.131545
-0.187361
-0.242579
-0.303014
-0.356391
-0.408628
-0.459559
-0.509020
-0.556854
-0.607910
-0.651813
-0.693633
-0.733236
-0.770495
-0.805290
-0.840928
-0.870168
-0.896627
-0.920219
-0.940869
-0.958512
-0.974519
-0.985638
-0.993607
-0.998399
-1.000000
-0.998404
-0.992887
-0.984571
-0.973108
-0.958534
-0.940895
-0.920249
-0.893861
-0.867093
-0.837553
-0.805335
-0.770543
-0.733288
-0.689149
-0.647094
-0.602969
-0.556918
-0.509086
-0.459626
-0.402955
-0.350584
-0.297094
-0.242653
-0.187436
-0.131621
-0.069117
-0.012624
0.043968
0.100362
0.156434
0.212007
0.272952
0.326888
0.379779
0.431456
0.481754
0.530511
0.582691
0.627692
0.670686
0.711536
0.750112
0.786289
0.823533
0.854278
0.882292
0.907485
0.929777
0.949097
0.967002
0.979855
0.989576
0.996134
0.999507
0.999684
0.996134
0.989576
0.979855
0.967002
0.951057
0.932072
0.907486
0.882293
0.854280
0.823536
0.790159
0.754256
0.711541
0.670692
0.627699
0.582699
0.535836
0.487260
0.431467
0.379791
0.326901
0.272966
0.218158
0.162653
0.100378
0.043986
-0.012548
-0.069041
-0.125314
-0.181186
-0.242579
-0.297021
-0.350513
-0.402885
-0.453969
-0.503602
-0.556854
-0.602909
-0.647035
-0.689094
-0.728949
-0.766474
-0.805290
-0.837511
-0.867055
-0.893827
-0.917741
-0.938722
-0.958512
-0.973090
-0.984558
-0.992878
-0.998024
-0.999980
-0.998404
-0.993616
-0.985651
-0.974536
-0.960305
-0.943005
-0.920249
-0.896660
-0.870206
-0.840969
-0.809044
-0.774533
-0.733288
-0.693688
-0.651871
-0.607970
-0.562125
-0.514483
-0.459626
-0.408697
-0.356462
-0.303087
-0.248743
-0.193604
-0.131621
-0.075384
-0.018906
0.037690
0.094108
0.150226
0.212007
0.266902
0.320943
0.373959
0.425779
0.476238
0.530511
0.577573
0.622788
0.666012
0.707107
0.745942
0.786289
0.819953
0.850995
0.879317
0.904828
0.927446
0.949097
0.965382
0.978581
0.988652
0.995562
0.999290
0.999684
0.996666
0.990461
0.981091
0.968583
0.952980
0.932072
0.910107
0.885233
0.857529
0.827084
0.793994
0.754256
0.715942
0.675339
0.632577
0.587793
0.541130
0.487260
0.437127
0.385596
0.332833
0.279005
0.224285
0.162653
0.106628
0.050262
-0.006265
-0.062772
-0.119078
-0.181186
-0.236479
-0.291015
-0.344622
-0.397127
-0.448362
-0.503602
-0.551625
-0.597884
-0.642232
-0.684527
-0.724634
-0.766474
-0.801549
-0.834062
-0.863908
-0.890992
-0.915228
-0.938722
-0.956702
-0.971623
-0.983439
-0.992110
-0.997610
-0.999980
-0.998739
-0.994305
-0.986692
-0.975926
-0.962039
-0.943005
-0.922689
-0.899424
-0.873284
-0.844352
-0.812721
-0.774533
-0.737545
-0.698200
-0.656623
-0.612946
-0.567311
-0.514483
-0.465197
-0.414424
-0.362325
-0.309069
-0.254824
-0.193604
-0.137846
-0.081648
-0.025188
0.031411
0.087851
0.150226
0.205863
0.260841
0.314986
0.368124
0.420085
0.476238
0.525175
0.572432
