1.705785
1.785914
1.866042
1.946170
2.024267
1.969537
1.889409
1.809281
1.729153
1.649025
1.568897
1.488768
1.408640
1.328512
1.248384
1.168256
1.088127
1.007999
0.927871
0.847743
0.767615
0.687486
0.607358
0.527230
0.447102
0.366974
0.286845
0.206717
0.126589
0.046461
-0.033667
-0.113796
-0.193924
-0.274052
-0.354180
-0.434308
-0.514437
-0.594565
-0.674693
-0.754821
-0.834949
-0.915078
-0.927051
-0.939024
-0.950997
-0.962970
-0.974944
-0.986917
-0.998890
-1.010863
-1.022836
-1.034809
-1.046783
-1.058756
-1.070729
-1.078907
-1.067237
-1.055264
-1.043291
-1.031318
-1.019345
-1.007371
-0.995398
-0.983425
-0.971452
-0.959479
-0.947505
-0.935532
-0.923559
-0.911586
-0.899613
-0.887639
-0.875666
-0.863693
-0.851720
-0.839747
-0.827773
-0.815800
-0.803827
-0.791854
-0.779881
-0.767907
-0.755934
-0.743961
-0.731988
-0.720015
-0.708041
-0.696068
-0.684095
-0.672122
-0.660149
-0.648175
-0.636202
-0.624229
-0.612256
-0.600283
-0.588309
-0.576336
-0.564363
-0.552390
-0.540417
-0.528443
-0.516470
-0.504497
-0.492524
-0.480551
-0.468577
-0.456604
-0.444631
-0.432658
-0.420685
-0.408712
-0.396738
-0.384765
-0.372792
-0.360819
-0.348846
-0.336873
-0.324899
-0.312926
-0.300953
-0.288980
-0.277007
-0.265033
-0.253060
-0.241087
-0.229114
-0.217141
-0.205168
-0.193194
-0.181221
-0.169248
-0.157275
-0.145302
-0.133329
-0.121355
-0.109382
-0.097409
-0.085436
-0.073463
-0.061490
-0.049516
-0.037543
-0.025570
-0.013597
-0.001624
0.010350
0.022323
0.034296
0.046269
0.058242
0.070215
0.082189
0.094162
0.106135
0.118108
0.130081
0.142055
0.154028
0.166001
0.177974
0.189947
0.201920
0.213894
0.225867
0.237840
0.249813
0.261786
0.273759
0.285733
0.297706
0.309679
0.321652
0.333625
0.345598
0.357572
0.369545
0.381518
0.393491
0.405464
0.417438
0.429411
0.441384
0.453357
0.465330
0.477303
0.489277
0.501250
0.513223
0.525196
0.537169
0.549143
0.561116
0.573089
0.585062
0.597035
0.609009
0.620982
0.632955
0.644928
0.656901
0.668875
0.680848
0.692821
0.704794
0.716767
0.728741
0.740714
0.752687
0.764660
0.776633
0.788607
0.800580
0.812553
0.824526
0.836499
0.848473
0.860446
0.872419
0.884392
0.896365
0.942416
1.022544
1.102672
1.182801
1.262929
1.343057
1.423185
1.503313
1.583442
1.663570
1.743698
1.823826
1.903954
1.984083
2.062180
2.007450
1.927322
1.847194
1.767066
1.686937
1.606809
1.526681
1.446553
1.366425
1.286296
1.206168
1.126040
1.045912
0.965784
0.885656
0.805527
0.725399
0.645271
0.565143
0.485015
0.404886
0.324758
0.244630
0.164502
0.084374
0.004245
-0.075883
-0.156011
-0.236139
-0.316267
-0.396396
-0.476524
-0.556652
-0.636780
-0.716908
-0.797037
-0.877165
-0.923216
-0.935189
-0.947162
-0.959135
-0.971108
-0.983082
-0.995055
-1.007028
-1.019001
-1.030974
-1.042947
-1.054920
-1.066894
-1.078867
-1.088836
-1.078867
-1.066894
-1.054920
-1.042947
-1.030974
-1.019001
-1.007028
-0.995055
-0.983081
-0.971108
-0.959135
-0.947162
-0.935189
-0.923215
-0.911242
-0.899269
-0.887296
-0.875323
-0.863349
-0.851376
-0.839403
-0.827430
-0.815457
-0.803483
-0.791510
-0.779537
-0.767564
-0.755591
-0.743617
-0.731644
-0.719671
-0.707698
-0.695725
-0.683751
-0.671778
-0.659805
-0.647832
-0.635859
-0.623885
-0.611912
-0.599939
-0.587966
-0.575993
-0.564019
-0.552046
-0.540073
-0.528100
-0.516127
-0.504153
-0.492180
-0.480207
-0.468234
-0.456261
-0.444288
-0.432314
-0.420341
-0.408368
-0.396395
-0.384422
-0.372448
-0.360475
-0.348502
-0.336529
-0.324556
-0.312583
-0.300609
-0.288636
-0.276663
-0.264690
-0.252717
-0.240744
-0.228770
-0.216797
-0.204824
-0.192851
-0.180878
-0.168905
-0.156931
-0.144958
-0.132985
-0.121012
-0.109039
-0.097065
-0.085092
-0.073119
-0.061146
-0.049173
-0.037200
-0.025226
-0.013253
-0.001280
0.010693
0.022666
0.034639
0.046613
0.058586
0.070559
0.082532
0.094505
0.106479
0.118452
0.130425
0.142398
0.154371
0.166344
0.178318
0.190291
0.202264
0.214237
0.226210
0.238183
0.250157
0.262130
0.274103
0.286076
0.298049
0.310023
0.321996
0.333969
0.345942
0.357915
0.369888
0.381862
0.393835
0.405808
0.417781
0.429754
0.441727
0.453701
0.465674
0.477647
0.489620
0.501593
0.513566
0.525540
0.537513
0.549486
0.561459
0.573433
0.585406
0.597379
0.609352
0.621325
0.633299
0.645272
0.657245
0.669218
0.681191
0.693165
0.705138
0.717111
0.729084
0.741057
0.753031
0.765004
0.776977
0.788950
0.800923
0.812897
0.824870
0.836843
0.848816
0.860789
0.872763
0.884736
0.896709
0.942760
1.022888
1.103016
1.183144
1.263272
1.343401
1.423529
1.503657
1.583785
1.663913
1.744042
1.824170
1.904298
1.984426
2.064554
2.131269
2.064554
1.984426
1.904298
1.824170
1.744042
1.663913
1.583785
1.503657
1.423529
1.343401
1.263273
1.183144
1.103016
1.022888
0.942760
0.862632
0.782503
0.702375
0.622247
0.542119
0.461991
0.381862
0.301734
0.221606
0.141478
0.061350
-0.018779
-0.098907
-0.179035
-0.259163
-0.339291
-0.419420
-0.499548
-0.579676
-0.659804
-0.739932
-0.820061
-0.900189
-0.912162
-0.924135
-0.936108
-0.948082
-0.960055
-0.972028
-0.984001
-0.995974
-1.007948
-1.019921
-1.031894
-1.043867
-1.055840
-1.067813
-1.079786
-1.086584
-1.074638
-1.062664
-1.050691
-1.038718
-1.026745
-1.014772
-1.002799
-0.990825
-0.978852
-0.966879
-0.954906
-0.942933
-0.930959
-0.918986
-0.907013
-0.895040
-0.883067
-0.871093
-0.859120
-0.847147
-0.835174
-0.823201
-0.811227
-0.799254
-0.787281
-0.775308
-0.763335
-0.751361
-0.739388
-0.727415
-0.715442
-0.703469
-0.691495
-0.679522
-0.667549
-0.655576
-0.643603
-0.631629
-0.619656
-0.607683
-0.595710
-0.583737
-0.571763
-0.559790
-0.547817
-0.535844
-0.523871
-0.511897
-0.499924
-0.487951
-0.475978
-0.464005
-0.452032
-0.440058
-0.428085
-0.416112
-0.404139
-0.392166
-0.380192
-0.368219
-0.356246
-0.344273
-0.332300
-0.320327
-0.308353
-0.296380
-0.284407
-0.272434
-0.260461
-0.248488
-0.236514
-0.224541
-0.212568
-0.200595
-0.188622
-0.176649
-0.164675
-0.152702
-0.140729
-0.128756
-0.116783
-0.104810
-0.092836
-0.080863
-0.068890
-0.056917
-0.044944
-0.032970
-0.020997
-0.009024
0.002949
0.014922
0.026895
0.038869
0.050842
0.062815
0.074788
0.086761
0.098735
0.110708
0.122681
0.134654
0.146627
0.158600
0.170574
0.182547
0.194520
0.206493
0.218466
0.230439
0.242413
0.254386
0.266359
0.278332
0.290305
0.302279
0.314252
0.326225
0.338198
0.350171
0.362144
0.374118
0.386091
0.398064
0.410037
0.422010
0.433983
0.445957
0.457930
0.469903
0.481876
0.493849
0.505822
0.517796
0.529769
0.541742
0.553715
0.565688
0.577662
0.589635
0.601608
0.613581
0.625555
0.637528
0.649501
0.661474
0.673447
0.685421
0.697394
0.709367
0.721340
0.733313
0.745287
0.757260
0.769233
0.781206
0.793179
0.805153
0.817126
0.829099
0.841072
0.853045
0.865019
0.876992
0.888965
0.900938
0.981066
1.061195
1.141323
1.221451
1.301579
1.381707
1.461836
1.541964
1.622092
1.702220
1.782348
1.862476
1.942605
2.022733
2.102861
2.169576
2.102861
2.022733
1.942605
1.862477
1.782348
1.702220
1.622092
1.541964
1.461836
1.381707
1.301579
1.221451
1.141323
1.061195
0.981066
0.900938
0.820810
0.740682
0.660554
0.580426
0.500297
0.420169
0.340041
0.259913
0.179785
0.099656
0.019528
-0.060600
-0.140728
-0.220857
-0.300985
-0.381113
-0.461241
-0.541369
-0.621498
-0.701626
-0.781754
-0.861882
-0.907933
-0.919906
-0.931879
-0.943852
-0.955826
-0.967799
-0.979772
-0.991745
-1.003718
-1.015692
-1.027665
-1.039638
-1.051611
-1.063584
-1.075557
-1.087528
-1.087528
-1.075557
-1.063584
-1.051611
-1.039638
-1.027665
-1.015692
-1.003718
-0.991745
-0.979772
-0.967799
-0.955826
-0.943852
-0.931879
-0.919906
-0.907933
-0.895960
-0.883986
-0.872013
-0.860040
-0.848067
-0.836094
-0.824120
-0.812147
-0.800174
-0.788201
-0.776228
-0.764254
-0.752281
-0.740308
-0.728335
-0.716362
-0.704388
-0.692415
-0.680442
-0.668469
-0.656496
-0.644522
-0.632549
-0.620576
-0.608603
-0.596630
-0.584656
-0.572683
-0.560710
-0.548737
-0.536763
-0.524790
-0.512817
-0.500844
-0.488871
-0.476898
-0.464924
-0.452951
-0.440978
-0.429005
-0.417032
-0.405059
-0.393085
-0.381112
-0.369139
-0.357166
-0.345193
-0.333219
-0.321246
-0.309273
-0.297300
-0.285327
-0.273354
-0.261380
-0.249407
-0.237434
-0.225461
-0.213488
-0.201515
-0.189541
-0.177568
-0.165595
-0.153622
-0.141649
-0.129676
-0.117702
-0.105729
-0.093756
-0.081783
-0.069810
-0.057836
-0.045863
-0.033890
-0.021917
-0.009944
0.002029
0.014003
0.025976
0.037949
0.049922
0.061895
0.073869
0.085842
0.097815
0.109788
0.121761
0.133734
0.145708
0.157681
0.169654
0.181627
0.193600
0.205573
0.217547
0.229520
0.241493
0.253466
0.265439
0.277413
0.289386
0.301359
0.313332
0.325305
0.337278
0.349252
0.361225
0.373198
0.385171
0.397144
0.409117
0.421091
0.433064
0.445037
0.457010
0.468983
0.480956
0.492930
0.504903
0.516876
0.528849
0.540822
0.552796
0.564769
0.576742
0.588715
0.600688
0.612662
0.624635
0.636608
0.648581
0.660554
0.672528
0.684501
0.696474
0.708447
0.720420
0.732394
0.744367
0.756340
0.768313
0.780286
0.792260
0.804233
0.816206
0.828179
0.840152
0.852126
0.864099
0.876072
0.888045
0.900018
0.980147
1.060275
1.140403
1.220531
1.300659
1.380788
1.460916
1.541044
1.621172
1.701300
1.781429
1.861557
1.941685
2.021813
2.101941
2.180039
2.125309
2.045181
1.965053
1.884924
1.804796
1.724668
1.644540
1.564412
1.484283
1.404155
1.324027
1.243899
1.163771
1.083642
1.003514
0.923386
0.843258
0.763130
0.683002
0.602873
0.522745
0.442617
0.362489
0.282361
0.202232
0.122104
0.041976
-0.038152
-0.118280
-0.198409
-0.278537
-0.358665
-0.438793
-0.518921
-0.599050
-0.679178
-0.759306
-0.839434
-0.919562
-0.931536
-0.943509
-0.955482
-0.967455
-0.979428
-0.991402
-1.003375
-1.015348
-1.027321
-1.039294
-1.051267
-1.063241
-1.075214
-1.087187
-1.099160
-1.107338
-1.095668
-1.083695
-1.071722
-1.059749
-1.047776
-1.035802
-1.023829
-1.011856
-0.999883
-0.987910
-0.975937
-0.963963
-0.951990
-0.940017
-0.928044
-0.916071
-0.904097
-0.892124
-0.880151
-0.868178
-0.856205
-0.844231
-0.832258
-0.820285
-0.808312
-0.796339
-0.784365
-0.772392
-0.760419
-0.748446
-0.736473
-0.724499
-0.712526
-0.700553
-0.688580
-0.676607
-0.664633
-0.652660
-0.640687
-0.628714
-0.616741
-0.604767
-0.592794
-0.580821
-0.568848
-0.556875
-0.544901
-0.532928
-0.520955
-0.508982
-0.497009
-0.485035
-0.473062
-0.461089
-0.449116
-0.437143
-0.425169
-0.413196
-0.401223
-0.389250
-0.377277
-0.365304
-0.353330
-0.341357
-0.329384
-0.317411
-0.305438
-0.293465
-0.281491
-0.269518
-0.257545
-0.245572
-0.233599
-0.221626
-0.209652
-0.197679
-0.185706
-0.173733
-0.161760
-0.149787
-0.137813
-0.125840
-0.113867
-0.101894
-0.089921
-0.077947
-0.065974
-0.054001
-0.042028
-0.030055
-0.018082
-0.006108
0.005865
0.017838
0.029811
0.041784
0.053758
0.065731
0.077704
0.089677
0.101650
0.113623
0.125597
0.137570
0.149543
0.161516
0.173489
0.185462
0.197436
0.209409
0.221382
0.233355
0.245328
0.257301
0.269275
0.281248
0.293221
0.305194
0.317167
0.329141
0.341114
0.353087
0.365060
0.377033
0.389006
0.400980
0.412953
0.424926
0.436899
0.448872
0.460845
0.472819
0.484792
0.496765
0.508738
0.520711
0.532685
0.544658
0.556631
0.568604
0.580577
0.592551
0.604524
0.616497
0.628470
0.640443
0.652417
0.664390
0.676363
0.688336
0.700309
0.712283
0.724256
0.736229
0.748202
0.760175
0.772149
0.784122
0.796095
0.808068
0.820041
0.832015
0.843988
0.855961
0.867934
0.879907
0.891881
0.903854
0.983982
1.064110
1.144238
1.224367
1.304495
1.384623
1.464751
1.544879
1.625008
1.705136
1.785264
1.865392
1.945520
2.025649
2.105777
2.185905
2.264002
2.209273
2.129144
2.049016
1.968888
1.888760
1.808632
1.728503
1.648375
1.568247
1.488119
1.407991
1.327863
1.247734
1.167606
1.087478
1.007350
0.927222
0.847093
0.766965
0.686837
0.606709
0.526581
0.446452
0.366324
0.286196
0.206068
0.125940
0.045811
-0.034317
-0.114445
-0.194573
-0.274701
-0.354830
-0.434958
-0.515086
-0.595214
-0.675342
-0.755471
-0.835599
-0.915727
-0.927700
-0.939673
-0.951647
-0.963620
-0.975593
-0.987566
-0.999539
-1.011513
-1.023486
-1.035459
-1.047432
-1.059405
-1.071378
-1.083351
-1.095325
-1.107298
-1.115476
-1.103806
-1.091833
-1.079860
-1.067887
-1.055913
-1.043940
-1.031967
-1.019994
-1.008021
-0.996048
-0.984074
-0.972101
-0.960128
-0.948155
-0.936182
-0.924208
-0.912235
-0.900262
-0.888289
-0.876316
-0.864342
-0.852369
-0.840396
-0.828423
-0.816450
-0.804476
-0.792503
-0.780530
-0.768557
-0.756584
-0.744610
-0.732637
-0.720664
-0.708691
-0.696718
-0.684744
-0.672771
-0.660798
-0.648825
-0.636852
-0.624878
-0.612905
-0.600932
-0.588959
-0.576986
-0.565012
-0.553039
-0.541066
-0.529093
-0.517120
-0.505146
-0.493173
-0.481200
-0.469227
-0.457254
-0.445281
-0.433307
-0.421334
-0.409361
-0.397388
-0.385415
-0.373441
-0.361468
-0.349495
-0.337522
-0.325549
-0.313576
-0.301602
-0.289629
-0.277656
-0.265683
-0.253710
-0.241737
-0.229763
-0.217790
-0.205817
-0.193844
-0.181871
-0.169898
-0.157924
-0.145951
-0.133978
-0.122005
-0.110032
-0.098058
-0.086085
-0.074112
-0.062139
-0.050166
-0.038193
-0.026219
-0.014246
-0.002273
0.009700
0.021673
0.033646
0.045620
0.057593
0.069566
0.081539
0.093512
0.105486
0.117459
0.129432
0.141405
0.153378
0.165351
0.177325
0.189298
0.201271
0.213244
0.225217
0.237190
0.249164
0.261137
0.273110
0.285083
0.297056
0.309030
0.321003
0.332976
0.344949
0.356922
0.368895
0.380869
0.392842
0.404815
0.416788
0.428761
0.440734
0.452708
0.464681
0.476654
0.488627
0.500600
0.512573
0.524547
0.536520
0.548493
0.560466
0.572439
0.584413
0.596386
0.608359
0.620332
0.632306
0.644279
0.656252
0.668225
0.680198
0.692172
0.704145
0.716118
0.728091
0.740064
0.752038
0.764011
0.775984
0.787957
0.799930
0.811904
0.823877
0.835850
0.847823
0.859796
0.871770
0.883743
0.895716
0.941767
1.021895
1.102023
1.182151
1.262279
1.342408
1.422536
1.502664
1.582792
1.662920
1.743049
1.823177
1.903305
1.983433
2.063561
2.143690
2.223818
2.303931
2.303931
2.223818
2.143690
2.063561
1.983433
1.903305
1.823177
1.743049
1.662920
1.582792
1.502664
1.422536
1.342408
1.262280
1.182151
1.102023
1.021895
0.941767
0.861639
0.781510
0.701382
0.621254
0.541126
0.460998
0.380869
0.300741
0.220613
0.140485
0.060357
-0.019772
-0.099900
-0.180028
-0.260156
-0.340284
-0.420413
-0.500541
-0.580669
-0.660797
-0.740925
-0.821054
-0.901182
-0.913155
-0.925128
-0.937101
-0.949075
-0.961048
-0.973021
-0.984994
-0.996967
-1.008941
-1.020914
-1.032887
-1.044860
-1.056833
-1.068806
-1.080779
-1.092753
-1.104726
-1.116395
-1.108217
-1.096244
-1.084271
-1.072298
-1.060325
-1.048352
-1.036379
-1.024405
-1.012432
-1.000459
-0.988486
-0.976513
-0.964540
-0.952566
-0.940593
-0.928620
-0.916647
-0.904674
-0.892700
-0.880727
-0.868754
-0.856781
-0.844808
-0.832834
-0.820861
-0.808888
-0.796915
-0.784942
-0.772968
-0.760995
-0.749022
-0.737049
-0.725076
-0.713102
-0.701129
-0.689156
-0.677183
-0.665210
-0.653236
-0.641263
-0.629290
-0.617317
-0.605344
-0.593370
-0.581397
-0.569424
-0.557451
-0.545478
-0.533504
-0.521531
-0.509558
-0.497585
-0.485612
-0.473638
-0.461665
-0.449692
-0.437719
-0.425746
-0.413773
-0.401799
-0.389826
-0.377853
-0.365880
-0.353907
-0.341933
-0.329960
-0.317987
-0.306014
-0.294041
-0.282068
-0.270094
-0.258121
-0.246148
-0.234175
-0.222202
-0.210229
-0.198255
-0.186282
-0.174309
-0.162336
-0.150363
-0.138390
-0.126416
-0.114443
-0.102470
-0.090497
-0.078524
-0.066550
-0.054577
-0.042604
-0.030631
-0.018658
-0.006685
0.005289
0.017262
0.029235
0.041208
0.053181
0.065154
0.077128
0.089101
0.101074
0.113047
0.125020
0.136994
0.148967
0.160940
0.172913
0.184886
0.196859
0.208833
0.220806
0.232779
0.244752
0.256725
0.268698
0.280672
0.292645
0.304618
0.316591
0.328564
0.340537
0.352511
0.364484
0.376457
0.388430
0.400403
0.412377
0.424350
0.436323
0.448296
0.460269
0.472242
0.484216
0.496189
0.508162
0.520135
0.532108
0.544082
0.556055
0.568028
0.580001
0.591974
0.603948
0.615921
0.627894
0.639867
0.651840
0.663814
0.675787
0.687760
0.699733
0.711706
0.723680
0.735653
0.747626
0.759599
0.771572
0.783546
0.795519
0.807492
0.819465
0.831438
0.843412
0.855385
0.867358
0.879331
0.891304
0.903278
0.983406
1.063534
1.143662
1.223790
1.303919
1.384047
1.464175
1.544303
1.624431
1.704560
1.784688
1.864816
1.944944
2.025072
2.105201
2.185329
2.265457
2.320187
2.242089
2.161961
2.081833
2.001705
1.921576
1.841448
1.761320
1.681192
1.601064
1.520936
1.440807
1.360679
1.280551
1.200423
1.120295
1.040166
0.960038
0.879910
0.799782
0.719654
0.639525
0.559397
0.479269
0.399141
0.319013
0.238884
0.158756
0.078628
-0.001500
-0.081628
-0.161757
-0.241885
-0.322013
-0.402141
-0.482269
-0.562398
-0.642526
-0.722654
-0.802782
-0.882910
-0.928961
-0.940934
-0.952907
-0.964881
-0.976854
-0.988827
-1.000800
-1.012773
-1.024747
-1.036720
-1.048693
-1.060666
-1.072639
-1.084612
-1.096585
-1.108559
-1.120532
-1.132478
-1.125680
-1.113707
-1.101734
-1.089761
-1.077788
-1.065815
-1.053842
-1.041869
-1.029895
-1.017922
-1.005949
-0.993976
-0.982003
-0.970030
-0.958056
-0.946083
-0.934110
-0.922137
-0.910164
-0.898190
-0.886217
-0.874244
-0.862271
-0.850298
-0.838324
-0.826351
-0.814378
-0.802405
-0.790431
-0.778458
-0.766485
-0.754512
-0.742539
-0.730565
-0.718592
-0.706619
-0.694646
-0.682673
-0.670699
-0.658726
-0.646753
-0.634780
-0.622807
-0.610833
-0.598860
-0.586887
-0.574914
-0.562941
-0.550967
-0.538994
-0.527021
-0.515048
-0.503075
-0.491101
-0.479128
-0.467155
-0.455182
-0.443209
-0.431236
-0.419262
-0.407289
-0.395316
-0.383343
-0.371370
-0.359397
-0.347423
-0.335450
-0.323477
-0.311504
-0.299531
-0.287558
-0.275584
-0.263611
-0.251638
-0.239665
-0.227692
-0.215719
-0.203745
-0.191772
-0.179799
-0.167826
-0.155853
-0.143879
-0.131906
-0.119933
-0.107960
-0.095987
-0.084014
-0.072040
-0.060067
-0.048094
-0.036121
-0.024148
-0.012175
-0.000201
0.011772
0.023745
0.035718
0.047691
0.059665
0.071638
0.083611
0.095584
0.107557
0.119530
0.131504
0.143477
0.155450
0.167423
0.179396
0.191370
0.203343
0.215316
0.227289
0.239262
0.251235
0.263209
0.275182
0.287155
0.299128
0.311101
0.323074
0.335048
0.347021
0.358994
0.370967
0.382940
0.394913
0.406887
0.418860
0.430833
0.442806
0.454779
0.466752
0.478726
0.490699
0.502672
0.514645
0.526618
0.538592
0.550565
0.562538
0.574511
0.586484
0.598458
0.610431
0.622404
0.634377
0.646350
0.658324
0.670297
0.682270
0.694243
0.706216
0.718190
0.730163
0.742136
0.754109
0.766082
0.778056
0.790029
0.802002
0.813975
0.825948
0.837922
0.849895
0.861868
0.873841
0.885814
0.897788
0.943838
1.023967
1.104095
1.184223
1.264351
1.344479
1.424608
1.504736
1.584864
1.664992
1.745120
1.825248
1.905377
1.985505
2.065633
2.145761
2.225889
2.306018
2.386145
2.431637
2.351687
2.271559
2.191431
2.111303
2.031175
1.951046
1.870918
1.790790
1.710662
1.630534
1.550406
1.470277
1.390149
1.310021
1.229893
1.149765
1.069636
0.989508
0.909380
0.829252
0.749124
0.668995
0.588867
0.508739
0.428611
0.348483
0.268354
0.188226
0.108098
0.027970
-0.052158
-0.132287
-0.212415
-0.292543
-0.372671
-0.452799
-0.532928
-0.613056
-0.693184
-0.773312
-0.853440
-0.933569
-0.945542
-0.957515
-0.969488
-0.981461
-0.993435
-1.005408
-1.017381
-1.029354
-1.041327
-1.053300
-1.065274
-1.077247
-1.089220
-1.101193
-1.113166
-1.125139
-1.137112
-1.149086
-1.161032
-1.154234
-1.142261
-1.130288
-1.118315
-1.106342
-1.094369
-1.082396
-1.070422
-1.058449
-1.046476
-1.034503
-1.022530
-1.010557
-0.998583
-0.986610
-0.974637
-0.962664
-0.950691
-0.938717
-0.926744
-0.914771
-0.902798
-0.890825
-0.878851
-0.866878
-0.854905
-0.842932
-0.830959
-0.818985
-0.807012
-0.795039
-0.783066
-0.771093
-0.759119
-0.747146
-0.735173
-0.723200
-0.711227
-0.699253
-0.687280
-0.675307
-0.663334
-0.651361
-0.639387
-0.627414
-0.615441
-0.603468
-0.591495
-0.579521
-0.567548
-0.555575
-0.543602
-0.531629
-0.519655
-0.507682
-0.495709
-0.483736
-0.471763
-0.459790
-0.447816
-0.435843
-0.423870
-0.411897
-0.399924
-0.387950
-0.375977
-0.364004
-0.352031
-0.340058
-0.328085
-0.316111
-0.304138
-0.292165
-0.280192
-0.268219
-0.256246
-0.244272
-0.232299
-0.220326
-0.208353
-0.196380
-0.184407
-0.172433
-0.160460
-0.148487
-0.136514
-0.124541
-0.112567
-0.100594
-0.088621
-0.076648
-0.064675
-0.052702
-0.040728
-0.028755
-0.016782
-0.004809
0.007164
0.019137
0.031111
0.043084
0.055057
0.067030
0.079003
0.090977
0.102950
0.114923
0.126896
0.138869
0.150842
0.162816
0.174789
0.186762
0.198735
0.210708
0.222681
0.234655
0.246628
0.258601
0.270574
0.282547
0.294521
0.306494
0.318467
0.330440
0.342413
0.354386
0.366360
0.378333
0.390306
0.402279
0.414252
0.426225
0.438199
0.450172
0.462145
0.474118
0.486091
0.498064
0.510038
0.522011
0.533984
0.545957
0.557930
0.569904
0.581877
0.593850
0.605823
0.617796
0.629770
0.641743
0.653716
0.665689
0.677662
0.689636
0.701609
0.713582
0.725555
0.737529
0.749502
0.761475
0.773448
0.785421
0.797395
0.809368
0.821341
0.833314
0.845287
0.857261
0.869234
0.881207
0.893180
0.905153
0.985282
1.065410
1.145538
1.225666
1.305794
1.385923
1.466051
1.546179
1.626307
1.706435
1.786564
1.866692
1.946820
2.026948
2.107076
2.187205
2.267333
2.347461
2.427589
2.507717
2.587844
2.633336
2.553387
2.473259
2.393131
2.313003
2.232874
2.152746
2.072618
1.992490
1.912362
1.832233
1.752105
1.671977
1.591849
1.511721
1.431592
1.351464
1.271336
1.191208
1.111080
1.030951
0.950823
0.870695
0.790567
0.710439
0.630311
0.550182
0.470054
0.389926
0.309798
0.229670
0.149541
0.069413
-0.010715
-0.090843
-0.170971
-0.251100
-0.331228
-0.411356
-0.491484
-0.571612
-0.651741
-0.731869
-0.811997
-0.892125
-0.938176
-0.950149
-0.962122
-0.974096
-0.986069
-0.998042
-1.010015
-1.021988
-1.033961
-1.045935
-1.057908
-1.069881
-1.081854
-1.093827
-1.105800
-1.117773
-1.129747
-1.141720
-1.153693
-1.165666
-1.177639
-1.189586
-1.182788
-1.170815
-1.158842
-1.146869
-1.134895
-1.122922
-1.110949
-1.098976
-1.087003
-1.075030
-1.063057
-1.051083
-1.039110
-1.027137
-1.015164
-1.003191
-0.991218
-0.979244
-0.967271
-0.955298
-0.943325
-0.931352
-0.919378
-0.907405
-0.895432
-0.883459
-0.871486
-0.859512
-0.847539
-0.835566
-0.823593
-0.811620
-0.799646
-0.787673
-0.775700
-0.763727
-0.751754
-0.739780
-0.727807
-0.715834
-0.703861
-0.691888
-0.679914
-0.667941
-0.655968
-0.643995
-0.632022
-0.620048
-0.608075
-0.596102
-0.584129
-0.572156
-0.560182
-0.548209
-0.536236
-0.524263
-0.512290
-0.500316
-0.488343
-0.476370
-0.464397
-0.452424
-0.440451
-0.428477
-0.416504
-0.404531
-0.392558
-0.380585
-0.368611
-0.356638
-0.344665
-0.332692
-0.320719
-0.308746
-0.296772
-0.284799
-0.272826
-0.260853
-0.248880
-0.236907
-0.224933
-0.212960
-0.200987
-0.189014
-0.177041
-0.165068
-0.153094
-0.141121
-0.129148
-0.117175
-0.105202
-0.093228
-0.081255
-0.069282
-0.057309
-0.045336
-0.033363
-0.021389
-0.009416
0.002557
0.014530
0.026503
0.038476
0.050450
0.062423
0.074396
0.086369
0.098342
0.110316
0.122289
0.134262
0.146235
0.158208
0.170181
0.182155
0.194128
0.206101
0.218074
0.230047
0.242020
0.253994
0.265967
0.277940
0.289913
0.301886
0.313860
0.325833
0.337806
0.349779
0.361752
0.373725
0.385699
0.397672
0.409645
0.421618
0.433591
0.445564
0.457538
0.469511
0.481484
0.493457
0.505430
0.517403
0.529377
0.541350
0.553323
0.565296
0.577269
0.589243
0.601216
0.613189
0.625162
0.637136
0.649109
0.661082
0.673055
0.685028
0.697002
0.708975
0.720948
0.732921
0.744894
0.756868
0.768841
0.780814
0.792787
0.804760
0.816734
0.828707
0.840680
0.852653
0.864626
0.876600
0.888573
0.900546
0.980674
1.060802
1.140931
1.221059
1.301187
1.381315
1.461443
1.541571
1.621700
1.701828
1.781956
1.862084
1.942212
2.022341
2.102469
2.182597
2.262725
2.342854
2.422982
2.503110
2.583238
2.663366
2.743495
2.823444
2.777952
2.697825
2.617697
2.537568
2.457440
2.377312
2.297184
2.217056
2.136927
2.056799
1.976671
1.896543
1.816415
1.736286
1.656158
1.576030
1.495902
1.415774
1.335645
1.255517
1.175389
1.095261
1.015133
0.935004
0.854876
0.774748
0.694620
0.614492
0.534364
0.454235
0.374107
0.293979
0.213851
0.133723
0.053594
-0.026534
-0.106662
-0.186790
-0.266919
-0.347047
-0.427175
-0.507303
-0.587431
-0.667560
-0.747688
-0.827816
-0.907944
-0.919917
-0.931890
-0.943864
-0.955837
-0.967810
-0.979783
-0.991756
-1.003730
-1.015703
-1.027676
-1.039649
-1.051622
-1.063595
-1.075569
-1.087542
-1.099515
-1.111488
-1.123461
-1.135434
-1.147407
-1.159381
-1.171354
-1.183327
-1.190124
-1.178178
-1.166205
-1.154232
-1.142259
-1.130285
-1.118312
-1.106339
-1.094366
-1.082393
-1.070420
-1.058447
-1.046473
-1.034500
-1.022527
-1.010554
-0.998581
-0.986608
-0.974634
-0.962661
-0.950688
-0.938715
-0.926742
-0.914768
-0.902795
-0.890822
-0.878849
-0.866876
-0.854902
-0.842929
-0.830956
-0.818983
-0.807010
-0.795036
-0.783063
-0.771090
-0.759117
-0.747144
-0.735170
-0.723197
-0.711224
-0.699251
-0.687277
-0.675304
-0.663331
-0.651358
-0.639385
-0.627411
-0.615438
-0.603465
-0.591492
-0.579519
-0.567545
-0.555572
-0.543599
-0.531626
-0.519653
-0.507679
-0.495706
-0.483733
-0.471760
-0.459787
-0.447814
-0.435840
-0.423867
-0.411894
-0.399921
-0.387948
-0.375975
-0.364001
-0.352028
-0.340055
-0.328082
-0.316109
-0.304136
-0.292162
-0.280189
-0.268216
-0.256243
-0.244270
-0.232296
-0.220323
-0.208350
-0.196377
-0.184404
-0.172431
-0.160457
-0.148484
-0.136511
-0.124538
-0.112565
-0.100592
-0.088618
-0.076645
-0.064672
-0.052699
-0.040726
-0.028752
-0.016779
-0.004806
0.007167
0.019140
0.031113
0.043087
0.055060
0.067033
0.079006
0.090979
0.102952
0.114926
0.126899
0.138872
0.150845
0.162818
0.174792
0.186765
0.198738
0.210711
0.222684
0.234657
0.246631
0.258604
0.270577
0.282550
0.294523
0.306496
0.318470
0.330443
0.342416
0.354389
0.366362
0.378335
0.390309
0.402282
0.414255
0.426228
0.438201
0.450175
0.462148
0.474121
0.486094
0.498067
0.510040
0.522014
0.533987
0.545960
0.557933
0.569906
0.581880
0.593853
0.605826
0.617799
0.629772
0.641746
0.653719
0.665692
0.677665
0.689638
0.701612
0.713585
0.725558
0.737531
0.749504
0.761478
0.773451
0.785424
0.797397
0.809370
0.821344
0.833317
0.845290
0.857263
0.869236
0.881210
0.893183
0.905156
0.985284
1.065413
1.145541
1.225669
1.305797
1.385925
1.466053
1.546182
1.626310
1.706438
1.786566
1.866694
1.946823
2.026951
2.107079
2.187207
2.267335
2.347464
2.427592
2.507720
2.587848
2.667976
2.748105
2.828054
2.782562
2.702435
2.622307
2.542178
2.462050
2.381922
2.301794
2.221666
2.141537
2.061409
1.981281
1.901153
1.821025
1.740896
1.660768
1.580640
1.500512
1.420384
1.340255
1.260127
1.179999
1.099871
1.019743
0.939615
0.859486
0.779358
0.699230
0.619102
0.538974
0.458845
0.378717
0.298589
0.218461
0.138333
0.058204
-0.021924
-0.102052
-0.182180
-0.262308
-0.342437
-0.422565
-0.502693
-0.582821
-0.662949
-0.743078
-0.823206
-0.903334
-0.915307
-0.927280
-0.939254
-0.951227
-0.963200
-0.975173
-0.987146
-0.999120
-1.011093
-1.023066
-1.035039
-1.047012
-1.058985
-1.070958
-1.082932
-1.094905
-1.106878
-1.118851
-1.130824
-1.142797
-1.154770
-1.166744
-1.178717
-1.185514
-1.173568
-1.161595
-1.149622
-1.137648
-1.125675
-1.113702
-1.101729
-1.089756
-1.077783
-1.065810
-1.053836
-1.041863
-1.029890
-1.017917
-1.005944
-0.993971
-0.981997
-0.970024
-0.958051
-0.946078
-0.934105
-0.922131
-0.910158
-0.898185
-0.886212
-0.874239
-0.862265
-0.850292
-0.838319
-0.826346
-0.814373
-0.802399
-0.790426
-0.778453
-0.766480
-0.754507
-0.742533
-0.730560
-0.718587
-0.706614
-0.694641
-0.682667
-0.670694
-0.658721
-0.646748
-0.634775
-0.622801
-0.610828
-0.598855
-0.586882
-0.574909
-0.562935
-0.550962
-0.538989
-0.527016
-0.515043
-0.503069
-0.491096
-0.479123
-0.467150
-0.455177
-0.443204
-0.431230
-0.419257
-0.407284
-0.395311
-0.383338
-0.371365
-0.359391
-0.347418
-0.335445
-0.323472
-0.311499
-0.299525
-0.287552
-0.275579
-0.263606
-0.251633
-0.239660
-0.227686
-0.215713
-0.203740
-0.191767
-0.179794
-0.167821
-0.155847
-0.143874
-0.131901
-0.119928
-0.107955
-0.095982
-0.084008
-0.072035
-0.060062
-0.048089
-0.036116
-0.024142
-0.012169
-0.000196
0.011777
0.023750
0.035723
0.047697
0.059670
0.071643
0.083616
0.095589
0.107563
0.119536
0.131509
0.143482
0.155455
0.167428
0.179402
0.191375
0.203348
0.215321
0.227294
0.239267
0.251241
0.263214
0.275187
0.287160
0.299133
0.311107
0.323080
0.335053
0.347026
0.358999
0.370972
0.382946
0.394919
0.406892
0.418865
0.430838
0.442811
0.454785
0.466758
0.478731
0.490704
0.502677
0.514650
0.526624
0.538597
0.550570
0.562543
0.574516
0.586490
0.598463
0.610436
0.622409
0.634382
0.646356
0.658329
0.670302
0.682275
0.694248
0.706222
0.718195
0.730168
0.742141
0.754115
0.766088
0.778061
0.790034
0.802007
0.813981
0.825954
0.837927
0.849900
0.861873
0.873847
0.885820
0.897793
0.943844
1.023972
1.104100
1.184228
1.264356
1.344485
1.424613
1.504741
1.584869
1.664997
1.745126
1.825254
1.905382
1.985510
2.065638
2.145766
2.225895
2.306023
2.386151
2.466279
2.546407
2.626536
2.706664
2.786613
2.741121
2.660994
2.580866
2.500738
2.420609
2.340481
2.260353
2.180225
2.100097
2.019969
1.939840
1.859712
1.779584
1.699456
1.619328
1.539199
1.459071
1.378943
1.298815
1.218687
1.138558
1.058430
0.978302
0.898174
0.818046
0.737917
0.657789
0.577661
0.497533
0.417405
0.337276
0.257148
0.177020
0.096892
0.016764
-0.063365
-0.143493
-0.223621
-0.303749
-0.383877
-0.464006
-0.544134
-0.624262
-0.704390
-0.784518
-0.864647
-0.910697
-0.922670
-0.934644
-0.946617
-0.958590
-0.970563
-0.982536
-0.994510
-1.006483
-1.018456
-1.030429
-1.042402
-1.054375
-1.066349
-1.078322
-1.090295
-1.102268
-1.114241
-1.126214
-1.138187
-1.150161
-1.162134
-1.174107
-1.182285
-1.170615
-1.158642
-1.146669
-1.134696
-1.122723
-1.110749
-1.098776
-1.086803
-1.074830
-1.062857
-1.050884
-1.038911
-1.026937
-1.014964
-1.002991
-0.991018
-0.979045
-0.967071
-0.955098
-0.943125
-0.931152
-0.919179
-0.907205
-0.895232
-0.883259
-0.871286
-0.859313
-0.847339
-0.835366
-0.823393
-0.811420
-0.799447
-0.787473
-0.775500
-0.763527
-0.751554
-0.739581
-0.727607
-0.715634
-0.703661
-0.691688
-0.679715
-0.667741
-0.655768
-0.643795
-0.631822
-0.619849
-0.607875
-0.595902
-0.583929
-0.571956
-0.559983
-0.548009
-0.536036
-0.524063
-0.512090
-0.500117
-0.488143
-0.476170
-0.464197
-0.452224
-0.440251
-0.428278
-0.416304
-0.404331
-0.392358
-0.380385
-0.368412
-0.356439
-0.344465
-0.332492
-0.320519
-0.308546
-0.296573
-0.284599
-0.272626
-0.260653
-0.248680
-0.236707
-0.224734
-0.212760
-0.200787
-0.188814
-0.176841
-0.164868
-0.152895
-0.140921
-0.128948
-0.116975
-0.105002
-0.093029
-0.081056
-0.069082
-0.057109
-0.045136
-0.033163
-0.021190
-0.009216
0.002757
0.014730
0.026703
0.038676
0.050649
0.062623
0.074596
0.086569
0.098542
0.110515
0.122489
0.134462
0.146435
0.158408
0.170381
0.182354
0.194328
0.206301
0.218274
0.230247
0.242220
0.254193
0.266167
0.278140
0.290113
0.302086
0.314059
0.326032
0.338006
0.349979
0.361952
0.373925
0.385898
0.397872
0.409845
0.421818
0.433791
0.445764
0.457737
0.469711
0.481684
0.493657
0.505630
0.517603
0.529576
0.541550
0.553523
0.565496
0.577469
0.589442
0.601416
0.613389
0.625362
0.637335
0.649309
0.661282
0.673255
0.685228
0.697201
0.709175
0.721148
0.733121
0.745094
0.757067
0.769041
0.781014
0.792987
0.804960
0.816933
0.828907
0.840880
0.852853
0.864826
0.876799
0.888773
0.900746
0.980874
1.061002
1.141130
1.221259
1.301387
1.381515
1.461643
1.541771
1.621899
1.702028
1.782156
1.862284
1.942412
2.022541
2.102669
2.182797
2.262925
2.343053
2.423182
2.503310
2.583438
2.663566
2.743694
2.798424
2.720327
2.640198
2.560070
2.479942
2.399814
2.319686
2.239558
2.159429
2.079301
1.999173
1.919045
1.838917
1.758788
1.678660
1.598532
1.518404
1.438276
1.358147
1.278019
1.197891
1.117763
1.037635
0.957506
0.877378
0.797250
0.717122
0.636994
0.556865
0.476737
0.396609
0.316481
0.236353
0.156224
0.076096
-0.004032
-0.084160
-0.164288
-0.244417
-0.324545
-0.404673
-0.484801
-0.564929
-0.645058
-0.725186
-0.805314
-0.885442
-0.931493
-0.943466
-0.955439
-0.967412
-0.979386
-0.991359
-1.003332
-1.015305
-1.027278
-1.039251
-1.051225
-1.063198
-1.075171
-1.087144
-1.099117
-1.111090
-1.123063
-1.135037
-1.147010
-1.158983
-1.170956
-1.182929
-1.194902
-1.206849
-1.200051
-1.188078
-1.176105
-1.164132
-1.152159
-1.140185
-1.128212
-1.116239
-1.104266
-1.092293
-1.080320
-1.068347
-1.056373
-1.044400
-1.032427
-1.020454
-1.008481
-0.996508
-0.984535
-0.972561
-0.960588
-0.948615
-0.936642
-0.924668
-0.912695
-0.900722
-0.888749
-0.876776
-0.864802
-0.852829
-0.840856
-0.828883
-0.816910
-0.804936
-0.792963
-0.780990
-0.769017
-0.757044
-0.745070
-0.733097
-0.721124
-0.709151
-0.697178
-0.685204
-0.673231
-0.661258
-0.649285
-0.637312
-0.625338
-0.613365
-0.601392
-0.589419
-0.577446
-0.565472
-0.553499
-0.541526
-0.529553
-0.517580
-0.505606
-0.493633
-0.481660
-0.469687
-0.457714
-0.445741
-0.433767
-0.421794
-0.409821
-0.397848
-0.385875
-0.373902
-0.361928
-0.349955
-0.337982
-0.326009
-0.314036
-0.302062
-0.290089
-0.278116
-0.266143
-0.254170
-0.242197
-0.230223
-0.218250
-0.206277
-0.194304
-0.182331
-0.170358
-0.158384
-0.146411
-0.134438
-0.122465
-0.110492
-0.098519
-0.086545
-0.074572
-0.062599
-0.050626
-0.038653
-0.026679
-0.014706
-0.002733
0.009240
0.021213
0.033186
0.045160
0.057133
0.069106
0.081079
0.093052
0.105026
0.116999
0.128972
0.140945
0.152918
0.164891
0.176865
0.188838
0.200811
0.212784
0.224757
0.236730
0.248704
0.260677
0.272650
0.284623
0.296596
0.308569
0.320543
0.332516
0.344489
0.356462
0.368435
0.380409
0.392382
0.404355
0.416328
0.428301
0.440274
