0.284455
0.320923
0.352588
0.372864
0.373453
0.352729
0.311863
0.253187
0.180053
0.096637
0.007703
-0.081670
-0.166380
-0.241588
-0.303000
-0.347109
-0.371396
-0.374470
-0.355007
-0.308623
-0.251714
-0.193914
-0.138104
-0.085116
-0.034372
0.014653
0.062175
0.108272
0.152945
0.196130
0.237681
0.277305
0.314377
0.347239
0.370422
0.375020
0.358247
0.321015
0.265452
0.194731
0.112889
0.024601
-0.065092
-0.151067
-0.228415
-0.292720
-0.340308
-0.368463
-0.375575
-0.360742
-0.318674
-0.262768
-0.205006
-0.148765
-0.095285
-0.044164
0.005173
0.052980
0.099354
0.144309
0.187794
0.229681
0.269717
0.307368
0.341298
0.367131
0.375828
0.363198
0.329828
0.277623
0.209564
0.129538
0.042115
-0.047713
-0.134816
-0.214220
-0.281391
-0.332492
-0.364606
-0.375899
-0.365539
-0.328108
-0.273416
-0.215623
-0.158914
-0.104914
-0.053410
-0.003771
0.044306
0.090941
0.136158
0.179920
0.222115
0.262519
0.300672
0.335467
0.363407
0.375799
0.367065
0.337369
0.288409
0.222978
0.144815
0.058382
-0.031385
-0.119359
-0.200517
-0.270224
-0.324500
-0.360245
-0.375417
-0.369084
-0.336834
-0.283677
-0.225388
-0.167922
-0.113274
-0.061374
-0.011459
0.036856
0.083714
0.129155
0.173151
0.215603
0.256310
0.294864
0.330317
0.359788
0.375188
0.369809
0.343313
0.297212
0.234138
0.157694
0.072246
-0.017328
-0.105913
-0.188449
-0.260223
-0.317137
-0.355941
-0.374418
-0.371488
-0.344122
-0.292442
-0.233761
-0.175605
-0.120321
-0.068043
-0.017884
0.030632
0.077677
0.123304
0.167492
0.210155
0.251107
0.289978
0.325930
0.356508
0.374286
0.371718
0.347929
0.304271
0.243237
0.168313
0.083778
-0.005541
-0.094543
-0.178147
-0.251576
-0.310640
-0.351964
-0.373188
-0.373091
-0.349626
-0.299980
-0.241790
-0.183608
-0.127996
-0.075388
-0.024975
0.023760
0.071011
0.116840
0.161239
0.204129
0.245343
0.284548
0.321008
0.352656
0.372892
0.373428
0.352652
0.311738
0.253023
0.179858
0.096423
0.007482
-0.081887
-0.166578
-0.241758
-0.303131
-0.347193
-0.371429
-0.374451
-0.354924
-0.308483
-0.251555
-0.193751
-0.137945
-0.084964
-0.034225
0.014796
0.062314
0.108406
0.153075
0.196256
0.237801
0.277418
0.314482
0.347326
0.370466
0.375001
0.358165
0.320876
0.265263
0.194502
0.112634
0.024335
-0.065354
-0.151311
-0.228627
-0.292887
-0.340421
-0.368515
-0.375564
-0.360660
-0.318524
-0.262606
-0.204845
-0.148612
-0.095140
-0.044024
0.005308
0.053111
0.099481
0.144432
0.187913
0.229796
0.269825
0.307469
0.341384
0.367183
0.375823
0.363134
0.329708
0.277454
0.209357
0.129304
0.041867
-0.047961
-0.135049
-0.214425
-0.281556
-0.332608
-0.364667
-0.375901
-0.365478
-0.327977
-0.273263
-0.215472
-0.158771
-0.104779
-0.053280
-0.003646
0.044428
0.091059
0.136272
0.180030
0.222222
0.262620
0.300766
0.335550
0.363463
0.375805
0.367016
0.337269
0.288262
0.222793
0.144603
0.058155
-0.031614
-0.119577
-0.200712
-0.270385
-0.324616
-0.360311
-0.375429
-0.369040
-0.336711
-0.283532
-0.225254
-0.167801
-0.113164
-0.061270
-0.011358
0.036954
0.083809
0.129247
0.173240
0.215689
0.256392
0.294941
0.330385
0.359837
0.375200
0.369776
0.343238
0.297099
0.233994
0.157527
0.072065
-0.017513
-0.106090
-0.188609
-0.260356
-0.317236
-0.356000
-0.374434
-0.371459
-0.344031
-0.292327
-0.233647
-0.175497
-0.120219
-0.067947
-0.017791
0.030722
0.077765
0.123389
0.167574
0.210234
0.251182
0.290049
0.325994
0.356557
0.374301
0.371693
0.347864
0.304170
0.243107
0.168161
0.083612
-0.005712
-0.094708
-0.178297
-0.251703
-0.310736
-0.352023
-0.373209
-0.373070
-0.349552
-0.299868
-0.241663
-0.183477
-0.127868
-0.075265
-0.024856
0.023875
0.071123
0.116949
0.161344
0.204230
0.245440
0.284640
0.321091
0.352722
0.372918
0.373403
0.352576
0.311616
0.252861
0.179666
0.096212
0.007263
-0.082100
-0.166774
-0.241925
-0.303260
-0.347277
-0.371462
-0.374431
-0.354842
-0.308345
-0.251397
-0.193589
-0.137787
-0.084813
-0.034079
0.014937
0.062451
0.108539
0.153204
0.196380
0.237920
0.277531
0.314586
0.347412
0.370510
0.374983
0.358084
0.320738
0.265075
0.194276
0.112382
0.024071
-0.065614
-0.151552
-0.228836
-0.293051
-0.340532
-0.368566
-0.375552
-0.360579
-0.318376
-0.262445
-0.204686
-0.148460
-0.094995
-0.043885
0.005442
0.053241
0.099607
0.144554
0.188031
0.229909
0.269933
0.307569
0.341470
0.367234
0.375817
0.363070
0.329589
0.277288
0.209151
0.129072
0.041621
-0.048206
