0.000012
0.000155
0.000595
0.001416
0.002630
0.004206
0.006085
0.008194
0.010452
0.012780
0.015101
0.017347
0.019455
0.021374
0.023061
0.024481
0.025610
0.026430
0.026931
0.027110
0.026971
0.026522
0.025778
0.024755
0.023475
0.021963
0.020245
0.018350
0.016307
0.014148
0.011903
0.009603
0.007278
0.004958
0.002672
0.000446
-0.001696
-0.003729
-0.005635
-0.007393
-0.008989
-0.010410
-0.011645
-0.012687
-0.013531
-0.014174
-0.014618
-0.014863
-0.014916
-0.014784
-0.014476
-0.014002
-0.013376
-0.012612
-0.011723
-0.010727
-0.009640
-0.008479
-0.007261
-0.006004
-0.004724
-0.003439
-0.002163
-0.000914
0.000297
0.001454
0.002546
0.003562
0.004493
0.005331
0.006069
0.006703
0.007228
0.007643
0.007948
0.008142
0.008229
0.008211
0.008093
0.007880
0.007580
0.007198
0.006744
0.006225
0.005651
0.005031
0.004375
0.003692
0.002991
0.002282
0.001574
0.000876
0.000195
-0.000460
-0.001083
-0.001667
-0.002207
-0.002698
-0.003136
-0.003517
-0.003840
-0.004102
-0.004303
-0.004443
-0.004523
-0.004544
-0.004508
-0.004419
-0.004279
-0.004092
-0.003862
-0.003595
-0.003294
-0.002965
-0.002613
-0.002243
-0.001861
-0.001471
-0.001080
-0.000691
-0.000309
0.000060
0.000414
0.000749
0.001060
0.001346
0.001604
0.001831
0.002027
0.002190
0.002319
0.002414
0.002476
0.002505
0.002503
0.002469
0.002407
0.002317
0.002203
0.002066
0.001910
0.001736
0.001548
0.001349
0.001142
0.000929
0.000713
0.000497
0.000284
0.000076
-0.000124
-0.000315
-0.000494
-0.000659
-0.000810
-0.000945
-0.001062
-0.001162
-0.001243
-0.001306
-0.001350
-0.001376
-0.001384
-0.001375
-0.001349
-0.001307
-0.001251
-0.001183
-0.001102
-0.001011
-0.000912
-0.000805
-0.000693
-0.000576
-0.000458
-0.000339
-0.000220
-0.000104
0.000009
0.000118
0.000220
0.000315
0.000403
0.000482
0.000552
0.000613
0.000663
0.000703
0.000733
0.000753
0.000763
0.000763
0.000753
0.000735
0.000708
0.000674
0.000633
0.000586
0.000533
0.000476
0.000416
0.000353
0.000288
0.000223
0.000157
0.000092
0.000028
-0.000033
-0.000091
-0.000146
-0.000197
-0.000243
-0.000285
-0.000321
-0.000352
-0.000377
-0.000397
-0.000410
-0.000419
-0.000422
-0.000419
-0.000412
-0.000399
-0.000383
-0.000362
-0.000338
-0.000310
-0.000280
-0.000248
-0.000214
-0.000179
-0.000142
-0.000106
-0.000070
-0.000034
0.000000
0.000033
0.000064
0.000094
0.000121
0.000145
0.000167
0.000185
0.000201
0.000213
0.000223
0.000229
0.000232
0.000232
0.000230
0.000224
0.000216
0.000206
0.000194
0.000180
0.000164
0.000147
0.000128
0.000109
0.000089
0.000069
0.000049
0.000030
0.000010
-0.000009
-0.000026
-0.000043
-0.000059
-0.000073
-0.000086
-0.000097
-0.000106
-0.000114
-0.000120
-0.000125
-0.000127
-0.000128
-0.000128
-0.000126
-0.000122
-0.000117
-0.000111
-0.000104
-0.000095
-0.000086
-0.000076
-0.000066
-0.000055
-0.000044
-0.000033
-0.000022
-0.000011
-0.000001
0.000009
0.000019
0.000028
0.000036
0.000044
0.000050
0.000056
0.000061
0.000065
0.000068
0.000070
0.000071
0.000071
0.000070
0.000069
0.000066
0.000063
0.000059
0.000055
0.000050
0.000045
0.000040
0.000034
0.000028
0.000022
0.000016
0.000009
0.000004
-0.000002
-0.000008
-0.000013
-0.000018
-0.000022
-0.000026
-0.000029
-0.000032
-0.000035
-0.000037
-0.000038
-0.000039
-0.000039
-0.000039
-0.000038
-0.000037
-0.000036
-0.000034
-0.000032
-0.000029
-0.000026
-0.000023
-0.000020
-0.000017
-0.000014
-0.000010
-0.000007
-0.000004
-0.000001
0.000003
0.000006
0.000008
0.000011
0.000013
0.000015
0.000017
0.000018
0.000020
0.000021
0.000021
0.000022
0.000022
0.000021
0.000021
0.000020
0.000019
0.000018
0.000017
0.000015
0.000014
0.000012
0.000010
0.000009
0.000007
0.000005
0.000003
0.000001
-0.000001
-0.000002
-0.000004
-0.000005
-0.000007
-0.000008
-0.000009
-0.000010
-0.000010
-0.000011
-0.000012
-0.000012
-0.000012
-0.000012
-0.000012
-0.000011
-0.000011
-0.000010
-0.000010
-0.000009
-0.000008
-0.000007
-0.000006
-0.000005
-0.000004
-0.000003
-0.000002
-0.000001
-0.000000
0.000001
0.000002
0.000002
0.000003
0.000004
0.000005
0.000005
0.000006
0.000006
0.000006
0.000006
0.000007
0.000007
0.000007
0.000006
0.000006
0.000006
0.000006
0.000005
0.000005
0.000004
0.000004
0.000003
0.000003
0.000002
0.000002
0.000001
0.000000
-0.000000
-0.000001
-0.000001
-0.000002
-0.000002
-0.000002
-0.000003
-0.000003
-0.000003
-0.000003
-0.000003
-0.000004
-0.000004
-0.000004
-0.000004
-0.000003
-0.000003
-0.000003
-0.000003
-0.000003
-0.000002
-0.000002
-0.000002
-0.000002
-0.000001
-0.000001
-0.000001
-0.000000
-0.000000
0.000000
0.000000
0.000001
0.000001
0.000001
0.000001
0.000002
0.000002
0.000002
0.000002
0.000002
0.000002
0.000002
0.000002
0.000002
0.000002
0.000002
0.000002
0.000002
0.000001
0.000001
0.000001
0.000001
0.000001
0.000001
0.000000
0.000000
0.000000
-0.000000
-0.000000
-0.000000
-0.000000
-0.000001
-0.000001
-0.000001
-0.000001
-0.000001
-0.000001
-0.000001
-0.000001
-0.000001
-0.000001
-0.000001
-0.000001
-0.000001
-0.000001
-0.000001
-0.000001
-0.000001
-0.000001
-0.000001
-0.000001
-0.000000
-0.000000
-0.000000
-0.000000
-0.000000
0.000000
0.000000
0.000000
0.000000
0.000000
0.000000
0.000000
0.000001
0.000001
0.000001
0.000001
0.000001
0.000001
0.000001
0.000001
0.000001
0.000001
0.000001
0.000000
0.000000
0.000000
0.000000
0.000000
0.000000
0.000000
0.000000
0.000000
0.000000
-0.000000
-0.000000
-0.000000
-0.000000
-0.000000
-0.000000
-0.000000
-0.000000
-0.000000
-0.000000
-0.000000
-0.000000
-0.000000
-0.000000
-0.000000
-0.000000
-0.000000
-0.000000
-0.000000
-0.000000
-0.000000
-0.000000
-0.000000
-0.000000
-0.000000
-0.000000
-0.000000
-0.000000
-0.000000
0.000000
0.000000
0.000000
0.000000
0.000000
0.000000
0.000000
0.000000
0.000000
0.000000
0.000000
0.000000
0.000000
0.000000
0.000000
0.000000
0.000000
0.000000
0.000000
0.000000
0.000000
0.000000
0.000000
0.000000
0.000000
0.000000
0.000000
0.000000
0.000000
-0.000000
-0.000000
-0.000000
-0.000000
-0.000000
-0.000000
-0.000000
-0.000000
-0.000000
-0.000000
-0.000000
-0.000000
-0.000000
-0.000000
-0.000000
-0.000000
-0.000000
-0.000000
-0.000000
-0.000000
-0.000000
-0.000000
-0.000000
-0.000000
-0.000000
-0.000000
-0.000000
-0.000000
0.000000
0.000000
0.000000
0.000000
0.000000
0.000000
0.000000
0.000000
0.000000
0.000000
0.000000
0.000000
0.000000
0.000000
0.000000
0.000000
0.000000
0.000000
0.000000
0.000000
0.000000
0.000000
0.000000
0.000000
0.000000
0.000000
0.000000
0.000000
0.000000
-0.000000
-0.000000
-0.000000
-0.000000
-0.000000
-0.000000
-0.000000
-0.000000
-0.000000
-0.000000
-0.000000
-0.000000
-0.000000
-0.000000
-0.000000
-0.000000
-0.000000
-0.000000
-0.000000
-0.000000
-0.000000
-0.000000
-0.000000
-0.000000
-0.000000
-0.000000
-0.000000
-0.000000
0.000000
0.000000
0.000000
0.000000
0.000000
0.000000
0.000000
0.000000
0.000000
0.000000
0.000000
0.000000
0.000000
0.000000
0.000000
0.000000
0.000000
0.000000
0.000000
0.000000
0.000000
0.000000
0.000000
0.000000
0.000000
0.000000
0.000000
0.000000
0.000000
-0.000000
-0.000000
-0.000000
-0.000000
-0.000000
-0.000000
-0.000000
-0.000000
-0.000000
-0.000000
-0.000000
-0.000000
-0.000000
-0.000000
-0.000000
-0.000000
-0.000000
-0.000000
-0.000000
-0.000000
-0.000000
-0.000000
-0.000000
-0.000000
-0.000000
-0.000000
-0.000000
-0.000000
0.000000
0.000000
0.000000
0.000000
0.000000
0.000000
0.000000
0.000000
0.000000
0.000000
0.000000
0.000000
0.000000
0.000000
0.000000
0.000000
0.000000
0.000000
0.000000
0.000000
0.000000
0.000000
0.000000
0.000000
0.000000
0.000000
0.000000
0.000000
0.000000
-0.000000
-0.000000
-0.000000
-0.000000
-0.000000
-0.000000
-0.000000
-0.000000
-0.000000
-0.000000
-0.000000
-0.000000
-0.000000
-0.000000
-0.000000
-0.000000
-0.000000
-0.000000
-0.000000
-0.000000
-0.000000
-0.000000
-0.000000
-0.000000
-0.000000
-0.000000
-0.000000
-0.000000
0.000000
0.000000
0.000000
0.000000
0.000000
0.000000
0.000000
0.000000
0.000000
0.000000
0.000000
0.000000
0.000000
0.000000
0.000000
0.000000
0.000000
0.000000
0.000000
0.000000
0.000000
0.000000
0.000000
0.000000
0.000000
0.000000
0.000000
0.000000
0.000000
-0.000000
-0.000000
-0.000000
-0.000000
-0.000000
-0.000000
-0.000000
-0.000000
-0.000000
-0.000000
-0.000000
-0.000000
-0.000000
-0.000000
-0.000000
-0.000000
-0.000000
-0.000000
-0.000000
-0.000000
-0.000000
-0.000000
-0.000000
-0.000000
-0.000000
-0.000000
-0.000000
-0.000000
0.000000
0.000000
0.000000
0.000000
0.000000
0.000000
0.000000
0.000000
0.000000
0.000000
0.000000
0.000000
0.000000
0.000000
0.000000
0.000000
0.000000
0.000000
0.000000
0.000000
0.000000
0.000000
0.000000
0.000000
0.000000
0.000000
0.000000
0.000000
0.000000
-0.000000
-0.000000
-0.000000
-0.000000
-0.000000
-0.000000
-0.000000
-0.000000
-0.000000
-0.000000
-0.000000
-0.000000
-0.000000
-0.000000
-0.000000
-0.000000
-0.000000
-0.000000
-0.000000
-0.000000
-0.000000
-0.000000
-0.000000
-0.000000
-0.000000
-0.000000
-0.000000
-0.000000
0.000000
0.000000
0.000000
0.000000
0.000000
0.000000
0.000000
0.000000
0.000000
0.000000
0.000000
0.000000
0.000000
0.000000
0.000000
0.000000
0.000000
0.000000
0.000000
0.000000
0.000000
0.000000
0.000000
0.000000
0.000000
0.000000
0.000000
0.000000
0.000000
-0.000000
-0.000000
-0.000000
-0.000000
-0.000000
-0.000000
-0.000000
-0.000000
-0.000000
-0.000000
-0.000000
-0.000000
-0.000000
-0.000000
-0.000000
-0.000000
-0.000000
-0.000000
-0.000000
-0.000000
-0.000000
-0.000000
-0.000000
-0.000000
-0.000000
-0.000000
-0.000000
-0.000000
-0.000000
0.000000
0.000000
0.000000
0.000000
0.000000
0.000000
0.000000
0.000000
0.000000
0.000000
0.000000
0.000000
0.000000
0.000000
0.000000
0.000000
0.000000
0.000000
0.000000
0.000000
0.000000
0.000000
0.000000
0.000000
0.000000
0.000000
0.000000
0.000000
-0.000000
-0.000000
-0.000000
-0.000000
-0.000000
-0.000000
-0.000000
-0.000000
-0.000000
-0.000000
-0.000000
-0.000000
-0.000000
-0.000000
-0.000000
-0.000000
-0.000000
-0.000000
